org,repository,number,url,state,created_at,merged_at,user.login,month_year,title
"nodejs","nodejs.org",4449,"https://github.com/nodejs/nodejs.org/pull/4449","CLOSED","2022-02-28T22:44:25Z","","alexandrtovmach","2022-02","🇺🇦 Support Ukraine"
"nodejs","node",42155,"https://github.com/nodejs/node/pull/42155","MERGED","2022-02-28T21:09:36Z","2022-03-07T21:28:43Z","tniessen","2022-02","crypto: add CHECKs to..."
"nodejs","nodejs.org",4447,"https://github.com/nodejs/nodejs.org/pull/4447","MERGED","2022-02-28T20:24:50Z","2022-02-28T22:17:35Z","alexandrtovmach","2022-02","Revert '🇺🇦 Support Ukraine'"
"nodejs","node",42153,"https://github.com/nodejs/node/pull/42153","MERGED","2022-02-28T19:05:24Z","2022-03-07T22:26:09Z","mscdex","2022-02","tools: fix web streams API..."
"nodejs","nodejs.org",4446,"https://github.com/nodejs/nodejs.org/pull/4446","MERGED","2022-02-28T18:16:45Z","2022-02-28T20:17:43Z","alexandrtovmach","2022-02","🇺🇦 Support Ukraine"
"nodejs","node",42150,"https://github.com/nodejs/node/pull/42150","MERGED","2022-02-28T16:44:08Z","2022-02-28T17:28:36Z","mhdawson","2022-02","build: fix usage of input in..."
"nodejs","node",42149,"https://github.com/nodejs/node/pull/42149","MERGED","2022-02-28T09:17:50Z","2022-03-08T22:21:24Z","LiviaMedeiros","2022-02","doc: deprecate coercion to..."
"nodejs","tweet",68,"https://github.com/nodejs/tweet/pull/68","MERGED","2022-02-28T09:00:48Z","2022-03-31T19:23:33Z","nodejs-github-bot","2022-02","tweet: monthly build tweet"
"nodejs","node",42147,"https://github.com/nodejs/node/pull/42147","MERGED","2022-02-28T00:16:26Z","2022-03-02T12:53:11Z","RafaelGSS","2022-02","http2: close stream and..."
"nodejs","docker-node",1656,"https://github.com/nodejs/docker-node/pull/1656","MERGED","2022-02-27T19:41:19Z","2022-02-27T20:02:53Z","SimenB","2022-02","chore: run all GH actions..."
"nodejs","node",42146,"https://github.com/nodejs/node/pull/42146","MERGED","2022-02-27T16:05:58Z","2022-03-02T14:55:53Z","apeltop","2022-02","doc: fix typos"
"nodejs","node",42145,"https://github.com/nodejs/node/pull/42145","MERGED","2022-02-27T14:45:32Z","2022-03-01T16:21:19Z","tniessen","2022-02","src: remove dead code in..."
"nodejs","node-core-utils",606,"https://github.com/nodejs/node-core-utils/pull/606","MERGED","2022-02-27T13:23:38Z","2022-04-25T11:17:00Z","Mesteery","2022-02","fix: check last fast-track..."
"nodejs","nodejs.dev",2296,"https://github.com/nodejs/nodejs.dev/pull/2296","CLOSED","2022-02-27T03:35:01Z","","AliakbarETH","2022-02","Local install packages"
"nodejs","node",42144,"https://github.com/nodejs/node/pull/42144","MERGED","2022-02-27T02:15:15Z","2022-03-01T04:40:12Z","Trott","2022-02","doc: remove reference to..."
"nodejs","node",42143,"https://github.com/nodejs/node/pull/42143","MERGED","2022-02-27T00:22:02Z","2022-02-27T07:51:36Z","nodejs-github-bot","2022-02","tools: update eslint to..."
"nodejs","node",42142,"https://github.com/nodejs/node/pull/42142","MERGED","2022-02-27T00:21:32Z","2022-02-27T07:51:43Z","nodejs-github-bot","2022-02","meta: update AUTHORS"
"nodejs","node",42141,"https://github.com/nodejs/node/pull/42141","MERGED","2022-02-27T00:21:09Z","2022-02-27T22:33:39Z","nodejs-github-bot","2022-02","tools: update..."
"nodejs","node",42140,"https://github.com/nodejs/node/pull/42140","CLOSED","2022-02-26T23:53:51Z","","Trott","2022-02","url: more closely align..."
"nodejs","undici",1255,"https://github.com/nodejs/undici/pull/1255","MERGED","2022-02-26T19:00:34Z","2022-02-28T08:43:17Z","mnutt","2022-02","feat: expose pool aggregate..."
"nodejs","Release",731,"https://github.com/nodejs/Release/pull/731","MERGED","2022-02-26T17:08:09Z","2022-03-07T16:21:31Z","bengl","2022-02","doc: clarify and update..."
"nodejs","branch-diff",47,"https://github.com/nodejs/branch-diff/pull/47","MERGED","2022-02-26T17:02:22Z","2022-02-28T17:45:02Z","richardlau","2022-02","fix: require is not defined..."
"nodejs","release-keys",14,"https://github.com/nodejs/release-keys/pull/14","MERGED","2022-02-26T16:37:31Z","2022-03-01T07:39:49Z","bengl","2022-02","🔑 Add key for Bryan English"
"nodejs","docker-node",1654,"https://github.com/nodejs/docker-node/pull/1654","MERGED","2022-02-26T15:07:20Z","2022-02-26T15:54:11Z","bengl","2022-02","keys: add key for @bengl"
"nodejs","nodejs.org",4439,"https://github.com/nodejs/nodejs.org/pull/4439","CLOSED","2022-02-26T08:34:20Z","","09672688755","2022-02","工作程序"
"nodejs","node",42138,"https://github.com/nodejs/node/pull/42138","MERGED","2022-02-26T08:13:17Z","2022-02-26T10:52:52Z","apeltop","2022-02","doc: remove repeated a word"
"nodejs","nodejs.org",4438,"https://github.com/nodejs/nodejs.org/pull/4438","CLOSED","2022-02-26T08:10:27Z","","09672688755","2022-02","main.js: remove ancient..."
"nodejs","node",42137,"https://github.com/nodejs/node/pull/42137","CLOSED","2022-02-26T07:58:38Z","","apeltop","2022-02","chore: remove repeated a word"
"nodejs","node",42136,"https://github.com/nodejs/node/pull/42136","MERGED","2022-02-26T05:57:00Z","2022-03-02T22:36:25Z","Trott","2022-02","url: fix url.parse() for..."
"nodejs","undici",1252,"https://github.com/nodejs/undici/pull/1252","MERGED","2022-02-25T22:16:55Z","2022-02-27T13:18:15Z","mnutt","2022-02","feat: normalize origin for..."
"nodejs","node",42135,"https://github.com/nodejs/node/pull/42135","CLOSED","2022-02-25T21:43:40Z","","mhdawson","2022-02","crypto: fix return type prob..."
"nodejs","node",42134,"https://github.com/nodejs/node/pull/42134","CLOSED","2022-02-25T20:38:24Z","","bmeck","2022-02","esm: use synthetic modules..."
"nodejs","node",42133,"https://github.com/nodejs/node/pull/42133","CLOSED","2022-02-25T20:32:11Z","","jasnell","2022-02","url: add experimental..."
"nodejs","node",42131,"https://github.com/nodejs/node/pull/42131","CLOSED","2022-02-25T16:43:50Z","","bmeck","2022-02","esm: fix base URL for network..."
"nodejs","node",42130,"https://github.com/nodejs/node/pull/42130","CLOSED","2022-02-25T16:07:02Z","","mhdawson","2022-02","build: increase max ops for..."
"nodejs","node-addon-api",1142,"https://github.com/nodejs/node-addon-api/pull/1142","CLOSED","2022-02-25T14:58:53Z","","vmoroz","2022-02","Enable running pre-commit..."
"nodejs","undici",1249,"https://github.com/nodejs/undici/pull/1249","CLOSED","2022-02-25T13:29:48Z","","galvez","2022-02","fix: include URL hash in..."
"nodejs","node",42129,"https://github.com/nodejs/node/pull/42129","MERGED","2022-02-25T13:18:20Z","2022-03-07T22:34:37Z","Mesteery","2022-02","meta: add dependencies label..."
"nodejs","corepack",94,"https://github.com/nodejs/corepack/pull/94","MERGED","2022-02-25T12:49:51Z","2022-04-07T20:51:27Z","austinkelleher","2022-02","tools: add `coverage` folder..."
"nodejs","node",42128,"https://github.com/nodejs/node/pull/42128","MERGED","2022-02-25T12:39:43Z","2022-02-27T12:56:09Z","LiviaMedeiros","2022-02","fs: Adjust default `length`..."
"nodejs","core-validate-commit",95,"https://github.com/nodejs/core-validate-commit/pull/95","MERGED","2022-02-25T11:38:07Z","2022-03-01T12:13:57Z","richardlau","2022-02","feat: point to guidelines on..."
"nodejs","node",42127,"https://github.com/nodejs/node/pull/42127","MERGED","2022-02-25T11:19:47Z","2022-02-27T12:28:04Z","yashLadha","2022-02","deps: update nghttp2 to..."
"nodejs","node",42126,"https://github.com/nodejs/node/pull/42126","OPEN","2022-02-25T11:14:56Z","","ahtrahdis7","2022-02","msi: enable CFG in node.exe"
"nodejs","node",42124,"https://github.com/nodejs/node/pull/42124","MERGED","2022-02-25T02:03:42Z","2022-03-09T16:36:40Z","tniessen","2022-02","crypto: fix..."
"nodejs","reliability",213,"https://github.com/nodejs/reliability/pull/213","CLOSED","2022-02-25T01:27:08Z","","richardlau","2022-02","fix: avoid Argument list too..."
"nodejs","reliability",212,"https://github.com/nodejs/reliability/pull/212","MERGED","2022-02-25T01:19:50Z","2022-02-27T15:25:58Z","richardlau","2022-02","fix: avoid `Argument list too..."
"nodejs","node",42123,"https://github.com/nodejs/node/pull/42123","MERGED","2022-02-24T23:28:36Z","2022-03-09T16:36:51Z","tniessen","2022-02","crypto: prettify othername..."
"nodejs","node",42122,"https://github.com/nodejs/node/pull/42122","CLOSED","2022-02-24T21:41:52Z","","npm-robot","2022-02","deps: upgrade npm to 8.5.2"
"nodejs","node",42121,"https://github.com/nodejs/node/pull/42121","MERGED","2022-02-24T21:07:06Z","2022-02-27T14:05:34Z","tniessen","2022-02","src: simplify..."
"nodejs","node",42120,"https://github.com/nodejs/node/pull/42120","CLOSED","2022-02-24T18:42:39Z","","nickie","2022-02","test: update V8 trace events..."
"nodejs","node",42119,"https://github.com/nodejs/node/pull/42119","MERGED","2022-02-24T18:35:53Z","2022-02-27T09:20:42Z","bmeck","2022-02","esm: fix relative imports for..."
"nodejs","node",42118,"https://github.com/nodejs/node/pull/42118","MERGED","2022-02-24T17:51:24Z","2022-02-27T14:24:52Z","tniessen","2022-02","src: combine GetCurveASN1Name..."
"nodejs","node",42117,"https://github.com/nodejs/node/pull/42117","MERGED","2022-02-24T16:52:26Z","2022-02-27T18:48:47Z","meixg","2022-02","buffer: improve blob read..."
"nodejs","node",42115,"https://github.com/nodejs/node/pull/42115","CLOSED","2022-02-24T13:54:11Z","","targos","2022-02","deps: update V8 to 10.2"
"nodejs","node",42114,"https://github.com/nodejs/node/pull/42114","CLOSED","2022-02-24T13:16:06Z","","aduh95","2022-02","lib: expose a global `node`..."
"nodejs","node",42113,"https://github.com/nodejs/node/pull/42113","MERGED","2022-02-24T13:02:23Z","2022-03-04T11:48:33Z","XadillaX","2022-02","test: fix..."
"nodejs","node",42112,"https://github.com/nodejs/node/pull/42112","CLOSED","2022-02-24T12:48:25Z","","XadillaX","2022-02","url, src: modify one..."
"nodejs","node",42110,"https://github.com/nodejs/node/pull/42110","MERGED","2022-02-24T11:59:31Z","2022-02-24T18:04:52Z","austinkelleher","2022-02","node-api: fix lambda typo..."
"nodejs","node",42109,"https://github.com/nodejs/node/pull/42109","MERGED","2022-02-24T11:36:12Z","2022-04-12T13:46:05Z","qdaoming","2022-02","build: add configure..."
"nodejs","snap",29,"https://github.com/nodejs/snap/pull/29","CLOSED","2022-02-24T07:13:58Z","","prudhviraj-500","2022-02","Infintyapps"
"nodejs","node",42105,"https://github.com/nodejs/node/pull/42105","CLOSED","2022-02-24T06:14:47Z","","targos","2022-02","build: downgrade Windows 8.1..."
"nodejs","node",42104,"https://github.com/nodejs/node/pull/42104","MERGED","2022-02-24T05:21:27Z","2022-02-26T08:46:59Z","meixg","2022-02","perf_hooks:..."
"nodejs","node-gyp",2619,"https://github.com/nodejs/node-gyp/pull/2619","MERGED","2022-02-24T03:23:47Z","2022-02-24T22:45:50Z","alexcfyung","2022-02","lib: add lib.target as path..."
"nodejs","node",42103,"https://github.com/nodejs/node/pull/42103","MERGED","2022-02-24T02:13:37Z","2022-02-27T14:05:42Z","tniessen","2022-02","src: do not ignore return..."
"nodejs","node",42102,"https://github.com/nodejs/node/pull/42102","CLOSED","2022-02-24T00:14:37Z","","bengl","2022-02","doc: add release key for..."
"nodejs","node",42101,"https://github.com/nodejs/node/pull/42101","MERGED","2022-02-23T23:26:10Z","2022-02-27T14:05:51Z","tniessen","2022-02","src: simplify arg type of..."
"nodejs","TSC",1177,"https://github.com/nodejs/TSC/pull/1177","MERGED","2022-02-23T23:24:07Z","2022-02-25T02:47:21Z","mhdawson","2022-02","doc: add minutes for meeting..."
"nodejs","gyp-next",137,"https://github.com/nodejs/gyp-next/pull/137","MERGED","2022-02-23T19:43:07Z","2022-04-04T06:39:29Z","alexcfyung","2022-02","feat: support building shared..."
"nodejs","node",42097,"https://github.com/nodejs/node/pull/42097","MERGED","2022-02-23T19:15:27Z","2022-02-27T14:06:02Z","tniessen","2022-02","src: prefer bool over int..."
"nodejs","email",183,"https://github.com/nodejs/email/pull/183","MERGED","2022-02-23T19:00:14Z","2022-03-09T19:35:26Z","mhdawson","2022-02","doc: remove user-feedback..."
"nodejs","package-maintenance",515,"https://github.com/nodejs/package-maintenance/pull/515","MERGED","2022-02-23T18:48:49Z","2022-04-27T21:08:49Z","Eomm","2022-02","docs: update member list"
"nodejs","node",42096,"https://github.com/nodejs/node/pull/42096","MERGED","2022-02-23T17:28:53Z","2022-02-25T21:20:52Z","bcoe","2022-02","errors: do not access .stack..."
"nodejs","node",42095,"https://github.com/nodejs/node/pull/42095","MERGED","2022-02-23T15:54:54Z","2022-02-23T18:16:51Z","ArnoldZokas","2022-02","doc: document change to..."
"nodejs","node",42093,"https://github.com/nodejs/node/pull/42093","MERGED","2022-02-23T15:39:11Z","2022-02-26T13:51:09Z","panva","2022-02","crypto: add..."
"nodejs","Release",729,"https://github.com/nodejs/Release/pull/729","MERGED","2022-02-23T15:32:14Z","2022-02-23T18:54:37Z","bengl","2022-02","Move myself from CITGM to..."
"nodejs","email",181,"https://github.com/nodejs/email/pull/181","MERGED","2022-02-23T14:11:10Z","2022-03-09T19:35:39Z","Trott","2022-02","chore: remove ctc email"
"nodejs","node",42092,"https://github.com/nodejs/node/pull/42092","MERGED","2022-02-23T13:10:41Z","2022-02-23T14:14:00Z","SimenB","2022-02","meta: correct link to feature..."
"nodejs","node",42090,"https://github.com/nodejs/node/pull/42090","MERGED","2022-02-23T10:04:53Z","2022-02-25T22:36:05Z","arcanis","2022-02","build: add corepack to the..."
"nodejs","node",42088,"https://github.com/nodejs/node/pull/42088","CLOSED","2022-02-23T09:44:23Z","","xtx1130","2022-02","errors,console: refactor to..."
"nodejs","docker-node",1649,"https://github.com/nodejs/docker-node/pull/1649","MERGED","2022-02-23T07:24:51Z","2022-02-23T10:30:46Z","SimenB","2022-02","chore: update to 17.6.0"
"nodejs","node",42087,"https://github.com/nodejs/node/pull/42087","MERGED","2022-02-23T01:20:51Z","2022-02-27T14:07:43Z","tniessen","2022-02","src: simplify..."
"nodejs","nodejs.org",4435,"https://github.com/nodejs/nodejs.org/pull/4435","MERGED","2022-02-23T00:06:50Z","2022-02-23T00:11:09Z","bengl","2022-02","Blog: v17.6.0 release post"
"nodejs","node",42085,"https://github.com/nodejs/node/pull/42085","CLOSED","2022-02-22T23:19:22Z","","mhdawson","2022-02","build: last test of the stale..."
"nodejs","node",42083,"https://github.com/nodejs/node/pull/42083","MERGED","2022-02-22T22:37:48Z","2022-09-17T13:55:31Z","aduh95","2022-02","lib: enable global WebCrypto..."
"nodejs","node",42082,"https://github.com/nodejs/node/pull/42082","CLOSED","2022-02-22T20:43:26Z","","mhdawson","2022-02","build: update feature close..."
"nodejs","undici",1247,"https://github.com/nodejs/undici/pull/1247","MERGED","2022-02-22T17:08:43Z","2022-02-22T19:02:25Z","is2ei","2022-02","docs: add POST request..."
"nodejs","node",42078,"https://github.com/nodejs/node/pull/42078","MERGED","2022-02-22T14:32:00Z","2022-02-25T13:31:20Z","ronag","2022-02","stream: allow returning null..."
"nodejs","undici",1246,"https://github.com/nodejs/undici/pull/1246","MERGED","2022-02-22T13:20:41Z","2022-03-04T15:09:38Z","mcfedr","2022-02","feat: eager loading of wasm..."
"nodejs","nodejs.org",4434,"https://github.com/nodejs/nodejs.org/pull/4434","MERGED","2022-02-22T12:35:52Z","2022-02-24T14:57:24Z","Trott","2022-02","chore: remove obsolete KB..."
"nodejs","node-addon-api",1141,"https://github.com/nodejs/node-addon-api/pull/1141","MERGED","2022-02-22T11:26:33Z","2022-02-22T15:13:55Z","addaleax","2022-02","lint: set sourceType to..."
"nodejs","admin",664,"https://github.com/nodejs/admin/pull/664","CLOSED","2022-02-22T10:07:23Z","","m0dul3","2022-02","l"
"nodejs","modules",574,"https://github.com/nodejs/modules/pull/574","CLOSED","2022-02-22T03:53:58Z","","DerekNonGeneric","2022-02","fix: add members missed by..."
"nodejs","node",42074,"https://github.com/nodejs/node/pull/42074","CLOSED","2022-02-22T02:39:14Z","","Trott","2022-02","test: split..."
"nodejs","loaders",68,"https://github.com/nodejs/loaders/pull/68","MERGED","2022-02-21T20:29:19Z","2022-02-25T14:23:29Z","brev","2022-02","Add new links to Resources."
"nodejs","modules",573,"https://github.com/nodejs/modules/pull/573","MERGED","2022-02-21T20:07:15Z","2022-02-22T04:41:11Z","MylesBorins","2022-02","doc: update readme"
"nodejs","modules",572,"https://github.com/nodejs/modules/pull/572","MERGED","2022-02-21T19:18:14Z","2022-02-21T20:04:43Z","Trott","2022-02","chore: run ncu-team to resync..."
"nodejs","node",42073,"https://github.com/nodejs/node/pull/42073","MERGED","2022-02-21T18:21:17Z","2022-02-21T18:43:53Z","Trott","2022-02","meta: remove collaborator"
"nodejs","undici",1244,"https://github.com/nodejs/undici/pull/1244","MERGED","2022-02-21T17:08:01Z","2022-02-28T08:44:44Z","dgadelha","2022-02","Allow string[] as Record..."
"nodejs","node",42072,"https://github.com/nodejs/node/pull/42072","MERGED","2022-02-21T16:55:12Z","2022-02-22T23:42:34Z","bengl","2022-02","v17.6.0 release proposal"
"nodejs","node-addon-api",1139,"https://github.com/nodejs/node-addon-api/pull/1139","MERGED","2022-02-21T05:03:32Z","2022-02-22T14:48:15Z","extremeheat","2022-02","doc: mention Napi::Env arg..."
"nodejs","node",42068,"https://github.com/nodejs/node/pull/42068","MERGED","2022-02-21T04:09:56Z","2022-02-23T05:12:18Z","nodejs-github-bot","2022-02","meta: move one or more..."
"nodejs","node",42067,"https://github.com/nodejs/node/pull/42067","CLOSED","2022-02-21T03:42:28Z","","luyahan","2022-02","deps: V8: cherry-pick..."
"nodejs","node",42066,"https://github.com/nodejs/node/pull/42066","MERGED","2022-02-21T02:46:13Z","2022-02-23T02:54:07Z","meixg","2022-02","doc: add meixg to triagers"
"nodejs","node",42065,"https://github.com/nodejs/node/pull/42065","MERGED","2022-02-20T22:58:22Z","2022-03-30T12:01:01Z","devsnek","2022-02","[v12 backport] deps: V8:..."
"nodejs","node",42064,"https://github.com/nodejs/node/pull/42064","MERGED","2022-02-20T22:03:25Z","2022-02-22T16:22:42Z","bnoordhuis","2022-02","doc: move bnoordhuis back..."
"nodejs","nodejs.org",4429,"https://github.com/nodejs/nodejs.org/pull/4429","CLOSED","2022-02-20T20:01:14Z","","Durairaj","2022-02","Update..."
"nodejs","node",42063,"https://github.com/nodejs/node/pull/42063","MERGED","2022-02-20T15:08:19Z","2022-02-22T15:26:52Z","tniessen","2022-02","doc: clarify supported versus..."
"nodejs","node",42062,"https://github.com/nodejs/node/pull/42062","MERGED","2022-02-20T13:27:27Z","2022-03-08T16:36:12Z","RaisinTen","2022-02","string_decoder: fix crash..."
"nodejs","node",42061,"https://github.com/nodejs/node/pull/42061","CLOSED","2022-02-20T13:26:42Z","","RaisinTen","2022-02","string_decoder: fix crash..."
"nodejs","node",42060,"https://github.com/nodejs/node/pull/42060","MERGED","2022-02-20T13:18:29Z","2022-02-20T13:55:56Z","arobert93","2022-02","doc: fix typo in http2..."
"nodejs","node",42058,"https://github.com/nodejs/node/pull/42058","MERGED","2022-02-20T00:22:59Z","2022-02-20T12:49:03Z","nodejs-github-bot","2022-02","meta: update AUTHORS"
"nodejs","node",42057,"https://github.com/nodejs/node/pull/42057","MERGED","2022-02-20T00:22:30Z","2022-02-21T01:36:12Z","nodejs-github-bot","2022-02","tools: update..."
"nodejs","node",42056,"https://github.com/nodejs/node/pull/42056","OPEN","2022-02-19T19:04:02Z","","aduh95","2022-02","test: compute list of..."
"nodejs","node",42055,"https://github.com/nodejs/node/pull/42055","MERGED","2022-02-19T18:31:14Z","2022-02-21T20:30:06Z","Trott","2022-02","test: increase Fibonacci..."
"nodejs","build",2874,"https://github.com/nodejs/build/pull/2874","MERGED","2022-02-19T18:27:34Z","2022-02-21T22:00:50Z","mmarchini","2022-02","doc: s/Node.js..."
"nodejs","node",42054,"https://github.com/nodejs/node/pull/42054","MERGED","2022-02-19T15:31:04Z","2022-03-26T15:39:59Z","RaisinTen","2022-02","src: properly report..."
"nodejs","node",42053,"https://github.com/nodejs/node/pull/42053","CLOSED","2022-02-19T14:10:06Z","","meixg","2022-02","repl: remove preview when..."
"nodejs","TSC",1171,"https://github.com/nodejs/TSC/pull/1171","MERGED","2022-02-19T13:30:13Z","2022-02-19T13:34:08Z","RaisinTen","2022-02","doc: fix core repo..."
"nodejs","TSC",1170,"https://github.com/nodejs/TSC/pull/1170","MERGED","2022-02-19T13:07:24Z","2022-02-21T13:45:49Z","tniessen","2022-02","doc: add minutes for meeting..."
"nodejs","node-addon-api",1138,"https://github.com/nodejs/node-addon-api/pull/1138","CLOSED","2022-02-19T10:57:10Z","","NickNaso","2022-02","test: fix compilation problem..."
"nodejs","undici",1243,"https://github.com/nodejs/undici/pull/1243","CLOSED","2022-02-19T05:34:40Z","","suneettipirneni","2022-02","feat: implement..."
"nodejs","undici",1242,"https://github.com/nodejs/undici/pull/1242","MERGED","2022-02-19T01:30:11Z","2022-02-19T10:05:56Z","chlonel","2022-02","fix: `RequestInit` doesn't..."
"nodejs","node",42050,"https://github.com/nodejs/node/pull/42050","CLOSED","2022-02-18T21:49:34Z","","tshemsedinov","2022-02","http: add common MIME types"
"nodejs","node",42049,"https://github.com/nodejs/node/pull/42049","MERGED","2022-02-18T18:44:46Z","2022-02-21T11:32:50Z","aduh95","2022-02","lib: add legacy built-in..."
"nodejs","node",42048,"https://github.com/nodejs/node/pull/42048","OPEN","2022-02-18T16:59:08Z","","Mesteery","2022-02","tools: enable..."
"nodejs","node-gyp",2617,"https://github.com/nodejs/node-gyp/pull/2617","OPEN","2022-02-18T16:29:29Z","","0xdw","2022-02","Update README.md by adding..."
"nodejs","node-addon-api",1135,"https://github.com/nodejs/node-addon-api/pull/1135","MERGED","2022-02-18T15:53:37Z","2022-02-22T11:54:27Z","addaleax","2022-02","src: enable wrapping Napi..."
"nodejs","docker-node",1646,"https://github.com/nodejs/docker-node/pull/1646","MERGED","2022-02-18T13:37:31Z","2022-03-10T21:18:09Z","Pehesi97","2022-02","Automating docker-node part..."
"nodejs","node-addon-api",1134,"https://github.com/nodejs/node-addon-api/pull/1134","MERGED","2022-02-18T12:58:40Z","2022-02-21T15:37:15Z","addaleax","2022-02","src: do not use non-static..."
"nodejs","nodejs.dev",2287,"https://github.com/nodejs/nodejs.dev/pull/2287","MERGED","2022-02-18T12:08:23Z","2022-02-21T06:21:13Z","rodrigozr","2022-02","docs: Clarify that Node.js..."
"nodejs","node",42046,"https://github.com/nodejs/node/pull/42046","CLOSED","2022-02-18T11:48:24Z","","lpinca","2022-02","test: deflake..."
"nodejs","node",42045,"https://github.com/nodejs/node/pull/42045","MERGED","2022-02-18T11:42:43Z","2022-02-19T05:13:23Z","Trott","2022-02","test: remove..."
"nodejs","node",42044,"https://github.com/nodejs/node/pull/42044","CLOSED","2022-02-18T09:47:06Z","","yotam707","2022-02","zlib: move from `instanceof`..."
"nodejs","node",42043,"https://github.com/nodejs/node/pull/42043","MERGED","2022-02-18T09:38:21Z","2022-02-20T15:22:59Z","targos","2022-02","tools: enable es2022 env in..."
"nodejs","nodejs.org",4428,"https://github.com/nodejs/nodejs.org/pull/4428","MERGED","2022-02-18T06:37:16Z","2022-02-24T05:47:13Z","nobelharvards","2022-02","Add automatic light/dark..."
"nodejs","node",42041,"https://github.com/nodejs/node/pull/42041","MERGED","2022-02-18T06:31:47Z","2022-02-22T23:55:07Z","kuriyosh","2022-02","test: validate..."
"nodejs","undici",1240,"https://github.com/nodejs/undici/pull/1240","MERGED","2022-02-17T22:58:19Z","2022-02-20T08:58:05Z","MoLow","2022-02","feat: pass rawHeaders"
"nodejs","node",42039,"https://github.com/nodejs/node/pull/42039","MERGED","2022-02-17T21:43:51Z","2022-02-19T03:11:58Z","npm-robot","2022-02","deps: upgrade npm to 8.5.1"
"nodejs","node",42038,"https://github.com/nodejs/node/pull/42038","CLOSED","2022-02-17T21:00:10Z","","mhdawson","2022-02","build: increase operations..."
"nodejs","node-addon-api",1132,"https://github.com/nodejs/node-addon-api/pull/1132","MERGED","2022-02-17T20:52:47Z","2022-02-17T22:08:32Z","JckXia","2022-02","Testing CI run"
"nodejs","node",42037,"https://github.com/nodejs/node/pull/42037","MERGED","2022-02-17T20:07:29Z","2022-02-17T20:19:39Z","mhdawson","2022-02","build: allow manual run of..."
"nodejs","node",42036,"https://github.com/nodejs/node/pull/42036","OPEN","2022-02-17T19:12:24Z","","Mesteery","2022-02","build: disable empty-lines..."
"nodejs","package-maintenance",512,"https://github.com/nodejs/package-maintenance/pull/512","MERGED","2022-02-17T19:00:57Z","2022-03-01T20:28:19Z","mhdawson","2022-02","doc: add minutes for meeting..."
"nodejs","node",42035,"https://github.com/nodejs/node/pull/42035","CLOSED","2022-02-17T18:54:42Z","","mhdawson","2022-02","doc: clarify persistent ref..."
"nodejs","node",42034,"https://github.com/nodejs/node/pull/42034","CLOSED","2022-02-17T17:54:08Z","","SimonAdameit","2022-02","doc: Replace deprecated..."
"nodejs","node-gyp",2616,"https://github.com/nodejs/node-gyp/pull/2616","OPEN","2022-02-17T15:46:01Z","","icculp","2022-02","removing breaking space"
"nodejs","node",42032,"https://github.com/nodejs/node/pull/42032","MERGED","2022-02-17T15:26:04Z","2022-02-20T22:57:31Z","meixg","2022-02","perf_hooks: use arrays to..."
"nodejs","loaders",67,"https://github.com/nodejs/loaders/pull/67","MERGED","2022-02-17T13:57:20Z","2022-02-17T18:33:50Z","coderaiser","2022-02","docs: readme: fix link to..."
"nodejs","nan",932,"https://github.com/nodejs/nan/pull/932","MERGED","2022-02-17T13:34:39Z","2022-04-22T20:05:53Z","cclauss","2022-02","package.json: Upgrade..."
"nodejs","Release",726,"https://github.com/nodejs/Release/pull/726","MERGED","2022-02-17T11:39:18Z","2022-03-02T19:57:28Z","BethGriggs","2022-02","doc: ensure LTS promotion..."
"nodejs","undici",1239,"https://github.com/nodejs/undici/pull/1239","OPEN","2022-02-17T09:19:30Z","","Linkgoron","2022-02","feat(fetch): add support for..."
"nodejs","undici",1238,"https://github.com/nodejs/undici/pull/1238","CLOSED","2022-02-17T08:43:33Z","","Linkgoron","2022-02","feat(fetch): add support for..."
"nodejs","nodejs.org",4427,"https://github.com/nodejs/nodejs.org/pull/4427","MERGED","2022-02-17T08:19:35Z","2022-02-17T21:00:55Z","jkytoela","2022-02","fix(blog): typo in latest..."
"nodejs","node",42025,"https://github.com/nodejs/node/pull/42025","CLOSED","2022-02-17T06:08:38Z","","woojinv","2022-02","practicing github by..."
"nodejs","node",42021,"https://github.com/nodejs/node/pull/42021","CLOSED","2022-02-16T22:31:56Z","","tniessen","2022-02","(v16.x backport) test: avoid..."
"nodejs","admin",663,"https://github.com/nodejs/admin/pull/663","MERGED","2022-02-16T17:37:17Z","2023-01-12T01:12:16Z","benjamingr","2022-02","Clarify moderation..."
"nodejs","node",42018,"https://github.com/nodejs/node/pull/42018","CLOSED","2022-02-16T16:31:42Z","","legendecas","2022-02","doc: add missing api entries..."
"nodejs","next-10",118,"https://github.com/nodejs/next-10/pull/118","MERGED","2022-02-16T16:24:15Z","2022-03-02T16:28:37Z","mhdawson","2022-02","doc: add minutes for meeting..."
"nodejs","node",42017,"https://github.com/nodejs/node/pull/42017","MERGED","2022-02-16T15:45:01Z","2022-02-18T15:46:13Z","targos","2022-02","build: cancel running CI jobs..."
"nodejs","node",42016,"https://github.com/nodejs/node/pull/42016","MERGED","2022-02-16T15:30:27Z","2022-02-16T16:37:30Z","targos","2022-02","build: prevent concurrent CI..."
"nodejs","node",42015,"https://github.com/nodejs/node/pull/42015","MERGED","2022-02-16T13:46:12Z","2022-02-18T15:46:23Z","targos","2022-02","test: check that fetch..."
"nodejs","node",42014,"https://github.com/nodejs/node/pull/42014","MERGED","2022-02-16T11:18:33Z","2022-02-18T11:37:26Z","aduh95","2022-02","tools,lib: remove `global`..."
"nodejs","node",42013,"https://github.com/nodejs/node/pull/42013","MERGED","2022-02-16T10:47:55Z","2022-02-18T11:37:36Z","aduh95","2022-02","tools: add timers functions..."
"nodejs","node",42012,"https://github.com/nodejs/node/pull/42012","MERGED","2022-02-16T10:43:42Z","2022-02-19T19:00:55Z","aduh95","2022-02","tools: add `console` to the..."
"nodejs","node",42011,"https://github.com/nodejs/node/pull/42011","MERGED","2022-02-16T10:38:57Z","2022-02-18T11:37:46Z","aduh95","2022-02","worker: fix typo in debug..."
"nodejs","node",42010,"https://github.com/nodejs/node/pull/42010","MERGED","2022-02-16T10:31:11Z","2022-02-18T18:42:02Z","aduh95","2022-02","tools: fix bugs in..."
"nodejs","undici",1237,"https://github.com/nodejs/undici/pull/1237","MERGED","2022-02-16T06:09:49Z","2022-02-20T08:56:29Z","nipeshkc7","2022-02","feat: add factory option..."
"nodejs","node",42008,"https://github.com/nodejs/node/pull/42008","CLOSED","2022-02-16T04:10:18Z","","tylerlevine","2022-02","Regexp debugging"
"nodejs","node",42006,"https://github.com/nodejs/node/pull/42006","MERGED","2022-02-16T03:18:25Z","2022-02-16T13:58:04Z","rayw000","2022-02","doc: remove extra <td>"
"nodejs","node",42002,"https://github.com/nodejs/node/pull/42002","MERGED","2022-02-16T00:50:32Z","2022-02-22T15:27:01Z","tniessen","2022-02","crypto: use RFC2253 format..."
"nodejs","loaders",66,"https://github.com/nodejs/loaders/pull/66","MERGED","2022-02-16T00:25:21Z","2022-02-16T17:13:03Z","GeoffreyBooth","2022-02","2022-02-15 meeting notes"
"nodejs","node",42001,"https://github.com/nodejs/node/pull/42001","MERGED","2022-02-15T22:51:17Z","2022-02-17T23:11:46Z","tniessen","2022-02","crypto: rename..."
"nodejs","undici",1236,"https://github.com/nodejs/undici/pull/1236","MERGED","2022-02-15T22:11:56Z","2022-09-28T14:54:28Z","metcoder95","2022-02","feat(fetch#Request):..."
"nodejs","node",41999,"https://github.com/nodejs/node/pull/41999","MERGED","2022-02-15T21:58:36Z","2022-02-16T11:44:06Z","Trott","2022-02","tools: update..."
"nodejs","node-gyp",2613,"https://github.com/nodejs/node-gyp/pull/2613","MERGED","2022-02-15T17:41:10Z","2022-02-15T23:45:21Z","nlf","2022-02","fix: update make-fetch-happen..."
"nodejs","node",41996,"https://github.com/nodejs/node/pull/41996","MERGED","2022-02-15T17:22:18Z","2022-02-18T01:38:39Z","Trott","2022-02","tools: reduce list of globals..."
"nodejs","github-bot",312,"https://github.com/nodejs/github-bot/pull/312","MERGED","2022-02-15T15:23:37Z","2022-04-09T16:23:37Z","dominykas","2022-02","Switch CI to pkgjs/action"
"nodejs","meeting-picker",17,"https://github.com/nodejs/meeting-picker/pull/17","MERGED","2022-02-15T15:19:18Z","2022-02-15T21:27:41Z","dominykas","2022-02","Switch CI to pkgjs/action"
"nodejs","node",41992,"https://github.com/nodejs/node/pull/41992","MERGED","2022-02-15T14:28:59Z","2022-02-19T17:14:10Z","aduh95","2022-02","tools: lint deprecation codes"
"nodejs","node",41991,"https://github.com/nodejs/node/pull/41991","MERGED","2022-02-15T13:48:55Z","2022-02-15T14:43:31Z","marsonya","2022-02","doc: add marsonya to..."
"nodejs","node",41990,"https://github.com/nodejs/node/pull/41990","MERGED","2022-02-15T11:58:59Z","2022-02-15T18:55:56Z","aduh95","2022-02","doc: fix deprecation number"
"nodejs","node",41989,"https://github.com/nodejs/node/pull/41989","MERGED","2022-02-15T11:21:01Z","2022-02-17T15:13:01Z","Mesteery","2022-02","meta: use plain emojis..."
"nodejs","node",41986,"https://github.com/nodejs/node/pull/41986","MERGED","2022-02-15T06:29:13Z","2022-02-15T21:44:32Z","T-O-R-U-S","2022-02","Capitalize Valgrind in docs"
"nodejs","node",41985,"https://github.com/nodejs/node/pull/41985","CLOSED","2022-02-15T05:52:08Z","","T-O-R-U-S","2022-02","Valgrind_capitalization"
"nodejs","remark-preset-lint-node",340,"https://github.com/nodejs/remark-preset-lint-node/pull/340","MERGED","2022-02-15T05:37:29Z","2022-02-15T21:50:47Z","T-O-R-U-S","2022-02","lint: update a name that..."
"nodejs","http-parser",533,"https://github.com/nodejs/http-parser/pull/533","OPEN","2022-02-15T05:17:31Z","","ProjectDInitial","2022-02","Split marco 'HTTP_ERRNO_MAP'"
"nodejs","node",41984,"https://github.com/nodejs/node/pull/41984","MERGED","2022-02-15T02:53:42Z","2022-02-15T15:19:56Z","richardlau","2022-02","test: fix names of tests..."
"nodejs","node",41983,"https://github.com/nodejs/node/pull/41983","MERGED","2022-02-15T02:30:21Z","2022-02-15T12:46:47Z","Trott","2022-02","test: fix typographical error"
"nodejs","node",41982,"https://github.com/nodejs/node/pull/41982","MERGED","2022-02-15T02:22:58Z","2022-02-15T10:50:34Z","Trott","2022-02","build: move tool updates..."
"nodejs","node",41981,"https://github.com/nodejs/node/pull/41981","CLOSED","2022-02-15T01:56:08Z","","mhdawson","2022-02","build: add action to close..."
"nodejs","node",41980,"https://github.com/nodejs/node/pull/41980","CLOSED","2022-02-15T00:54:32Z","","Trott","2022-02","test: skip test-dgram-connect..."
"nodejs","node",41979,"https://github.com/nodejs/node/pull/41979","MERGED","2022-02-15T00:48:00Z","2022-02-17T23:11:54Z","tniessen","2022-02","crypto: check result of..."
"nodejs","node",41975,"https://github.com/nodejs/node/pull/41975","MERGED","2022-02-14T21:07:11Z","2022-02-18T18:55:58Z","JakobJingleheimer","2022-02","esm: remove erroneous..."
"nodejs","node",41974,"https://github.com/nodejs/node/pull/41974","MERGED","2022-02-14T20:47:25Z","2022-02-23T21:06:01Z","benjamingr","2022-02","stream: port more test262..."
"nodejs","undici",1234,"https://github.com/nodejs/undici/pull/1234","MERGED","2022-02-14T19:48:04Z","2022-02-15T05:51:49Z","tniessen","2022-02","Fix typo in test case name"
"nodejs","node",41973,"https://github.com/nodejs/node/pull/41973","CLOSED","2022-02-14T19:44:48Z","","lpinca","2022-02","tools: update ESLint to 8.9.0"
"nodejs","node",41971,"https://github.com/nodejs/node/pull/41971","MERGED","2022-02-14T19:24:31Z","2022-02-17T07:04:40Z","Mesteery","2022-02","lib: stop installing..."
"nodejs","node",41970,"https://github.com/nodejs/node/pull/41970","MERGED","2022-02-14T18:45:08Z","2022-02-16T19:36:20Z","benjamingr","2022-02","events: set default handler..."
"nodejs","nodejs.org",4425,"https://github.com/nodejs/nodejs.org/pull/4425","MERGED","2022-02-14T17:47:36Z","2022-02-15T03:58:18Z","rginn","2022-02","Update Node.js trademark..."
"nodejs","nodejs.org",4424,"https://github.com/nodejs/nodejs.org/pull/4424","MERGED","2022-02-14T17:39:28Z","2022-02-14T17:43:46Z","joesepi","2022-02","blog: create..."
"nodejs","node",41969,"https://github.com/nodejs/node/pull/41969","MERGED","2022-02-14T16:32:36Z","2022-02-16T16:53:44Z","RaisinTen","2022-02","lib: stop installing fetch..."
"nodejs","undici",1229,"https://github.com/nodejs/undici/pull/1229","MERGED","2022-02-14T16:16:39Z","2022-02-14T20:58:38Z","AlixWang","2022-02","test(fetch): add client..."
"nodejs","node",41966,"https://github.com/nodejs/node/pull/41966","MERGED","2022-02-14T15:05:02Z","2022-02-20T13:29:10Z","T-O-R-U-S","2022-02","doc: some minor touch-ups..."
"nodejs","node",41962,"https://github.com/nodejs/node/pull/41962","MERGED","2022-02-14T12:15:48Z","2022-02-17T13:22:51Z","bnoordhuis","2022-02","test: run..."
"nodejs","nodejs.dev",2278,"https://github.com/nodejs/nodejs.dev/pull/2278","CLOSED","2022-02-14T10:57:22Z","","mritunjayr","2022-02","typo fix in one word"
"nodejs","node",41961,"https://github.com/nodejs/node/pull/41961","MERGED","2022-02-14T10:48:33Z","2022-02-14T15:23:02Z","Mesteery","2022-02","doc: add missing `buffer` in..."
"nodejs","nodejs.dev",2276,"https://github.com/nodejs/nodejs.dev/pull/2276","MERGED","2022-02-13T20:20:49Z","2022-02-21T10:37:39Z","ashiishme","2022-02","feat: added recent posts on..."
"nodejs","undici",1227,"https://github.com/nodejs/undici/pull/1227","MERGED","2022-02-13T18:40:17Z","2022-02-13T19:01:42Z","tniessen","2022-02","Fix typo in..."
"nodejs","node",41958,"https://github.com/nodejs/node/pull/41958","CLOSED","2022-02-13T16:19:03Z","","RaisinTen","2022-02","src: add `fetch` to..."
"nodejs","nodejs.org",4418,"https://github.com/nodejs/nodejs.org/pull/4418","MERGED","2022-02-13T15:06:06Z","2022-02-14T07:49:19Z","LeeDongGeon1996","2022-02","Fix example comments"
"nodejs","nodejs.dev",2275,"https://github.com/nodejs/nodejs.dev/pull/2275","MERGED","2022-02-13T13:27:44Z","2022-02-26T06:00:27Z","amkhrjee","2022-02","fix: minor typo"
"nodejs","node",41957,"https://github.com/nodejs/node/pull/41957","CLOSED","2022-02-13T11:24:04Z","","aduh95","2022-02","lib: restrict usage of fetch..."
"nodejs","node",41956,"https://github.com/nodejs/node/pull/41956","MERGED","2022-02-13T09:56:40Z","2022-02-18T15:46:32Z","targos","2022-02","lib: add FormData global when..."
"nodejs","node",41955,"https://github.com/nodejs/node/pull/41955","MERGED","2022-02-13T09:39:13Z","2022-02-16T00:23:48Z","targos","2022-02","deps: update undici to..."
"nodejs","node",41954,"https://github.com/nodejs/node/pull/41954","MERGED","2022-02-13T08:44:23Z","2022-02-15T10:15:14Z","meixg","2022-02","stream: need to cleanup event..."
"nodejs","node",41953,"https://github.com/nodejs/node/pull/41953","MERGED","2022-02-13T02:37:35Z","2022-02-14T19:30:00Z","Trott","2022-02","meta: update AUTHORS and..."
"nodejs","loaders",65,"https://github.com/nodejs/loaders/pull/65","MERGED","2022-02-13T00:37:38Z","2022-02-14T14:42:33Z","GeoffreyBooth","2022-02","Update design overview to..."
"nodejs","node",41952,"https://github.com/nodejs/node/pull/41952","CLOSED","2022-02-13T00:18:21Z","","nodejs-github-bot","2022-02","meta: update AUTHORS"
"nodejs","node",41950,"https://github.com/nodejs/node/pull/41950","CLOSED","2022-02-12T18:50:10Z","","benjamingr","2022-02","module: prefer async/await in..."
"nodejs","node",41947,"https://github.com/nodejs/node/pull/41947","MERGED","2022-02-12T15:49:11Z","2022-02-19T16:35:46Z","aduh95","2022-02","esm: improve `fetch_module`..."
"nodejs","node",41946,"https://github.com/nodejs/node/pull/41946","CLOSED","2022-02-12T15:37:37Z","","aduh95","2022-02","esm: use `[stdin]` as module..."
"nodejs","node",41945,"https://github.com/nodejs/node/pull/41945","MERGED","2022-02-12T15:06:47Z","2022-02-17T23:05:42Z","RaisinTen","2022-02","src,buffer: evaluate..."
"nodejs","node",41944,"https://github.com/nodejs/node/pull/41944","MERGED","2022-02-12T14:46:08Z","2022-02-15T11:01:36Z","meixg","2022-02","doc: fix bug in stream doc..."
"nodejs","node",41943,"https://github.com/nodejs/node/pull/41943","MERGED","2022-02-12T13:50:42Z","2022-02-12T17:57:43Z","meixg","2022-02","doc: fix wrong indent in..."
"nodejs","undici",1226,"https://github.com/nodejs/undici/pull/1226","MERGED","2022-02-12T10:11:34Z","2022-02-12T11:35:29Z","targos","2022-02","fix: make fetch's..."
"nodejs","node",41941,"https://github.com/nodejs/node/pull/41941","MERGED","2022-02-12T00:17:21Z","2022-02-15T01:55:20Z","nodejs-github-bot","2022-02","tools: update..."
"nodejs","node",41939,"https://github.com/nodejs/node/pull/41939","MERGED","2022-02-11T18:41:36Z","2022-02-14T17:28:34Z","aduh95","2022-02","test: fix intl tests on..."
"nodejs","node",41938,"https://github.com/nodejs/node/pull/41938","MERGED","2022-02-11T18:36:17Z","2022-02-14T16:14:50Z","aduh95","2022-02","crypto: expose Web Crypto API..."
"nodejs","node",41937,"https://github.com/nodejs/node/pull/41937","CLOSED","2022-02-11T18:22:25Z","","benjamingr","2022-02","stream: add more forEach..."
"nodejs","node",41936,"https://github.com/nodejs/node/pull/41936","CLOSED","2022-02-11T17:55:59Z","","benjamingr","2022-02","stream: add more filter tests"
"nodejs","undici",1224,"https://github.com/nodejs/undici/pull/1224","MERGED","2022-02-11T15:19:16Z","2022-02-11T16:08:14Z","delvedor","2022-02","Add missing ts import"
"nodejs","node",41933,"https://github.com/nodejs/node/pull/41933","MERGED","2022-02-11T14:59:03Z","2022-02-13T17:02:21Z","benjamingr","2022-02","stream: revert revert map..."
"nodejs","undici",1222,"https://github.com/nodejs/undici/pull/1222","MERGED","2022-02-11T13:11:14Z","2022-02-11T13:12:14Z","KhooHaoYit","2022-02","Typo: Trailing Space in..."
"nodejs","node",41932,"https://github.com/nodejs/node/pull/41932","CLOSED","2022-02-11T10:33:55Z","","benjamingr","2022-02","fs: fix cb/sync writev empty..."
"nodejs","node",41931,"https://github.com/nodejs/node/pull/41931","MERGED","2022-02-11T10:12:23Z","2022-02-11T13:11:12Z","benjamingr","2022-02","stream: revert map spec..."
"nodejs","node",41930,"https://github.com/nodejs/node/pull/41930","MERGED","2022-02-11T09:50:22Z","2022-10-28T12:31:19Z","benjamingr","2022-02","doc: clarify moderation in..."
"nodejs","admin",661,"https://github.com/nodejs/admin/pull/661","MERGED","2022-02-11T09:33:12Z","2022-02-14T07:22:06Z","benjamingr","2022-02","Clarify moderation policy..."
"nodejs","node",41929,"https://github.com/nodejs/node/pull/41929","CLOSED","2022-02-11T06:55:44Z","","Trott","2022-02","test: use void to indicate..."
"nodejs","node",41928,"https://github.com/nodejs/node/pull/41928","CLOSED","2022-02-11T06:43:55Z","","Trott","2022-02","test: use void to indicate..."
"nodejs","nodejs.org",4417,"https://github.com/nodejs/nodejs.org/pull/4417","MERGED","2022-02-11T05:10:30Z","2022-02-11T15:26:27Z","writingdeveloper","2022-02","Modify to accessible Discord..."
"nodejs","docker-node",1642,"https://github.com/nodejs/docker-node/pull/1642","MERGED","2022-02-10T22:33:01Z","2022-02-10T22:49:40Z","SimenB","2022-02","chore: update to 17.5.0"
"nodejs","node",41925,"https://github.com/nodejs/node/pull/41925","MERGED","2022-02-10T21:52:40Z","2022-02-11T09:51:11Z","npm-robot","2022-02","deps: upgrade npm to 8.5.0"
"nodejs","node",41924,"https://github.com/nodejs/node/pull/41924","MERGED","2022-02-10T21:29:34Z","2022-02-12T15:45:30Z","scovetta","2022-02","esm: fix typo in..."
"nodejs","TSC",1164,"https://github.com/nodejs/TSC/pull/1164","MERGED","2022-02-10T20:04:17Z","2022-02-11T19:51:51Z","tniessen","2022-02","doc: add minutes for meeting..."
"nodejs","node",41923,"https://github.com/nodejs/node/pull/41923","MERGED","2022-02-10T19:28:08Z","2022-02-13T15:49:06Z","tniessen","2022-02","doc: fix typo in..."
"nodejs","nodejs.org",4416,"https://github.com/nodejs/nodejs.org/pull/4416","MERGED","2022-02-10T18:32:59Z","2022-02-10T18:44:45Z","ruyadorno","2022-02","Blog: v17.5.0 release post"
"nodejs","create-node-meeting-artifacts",112,"https://github.com/nodejs/create-node-meeting-artifacts/pull/112","MERGED","2022-02-10T18:01:05Z","2022-02-18T17:06:05Z","tniessen","2022-02","Change 'Foundation Calendar'..."
"nodejs","TSC",1163,"https://github.com/nodejs/TSC/pull/1163","MERGED","2022-02-10T17:51:52Z","2022-02-13T15:38:33Z","tniessen","2022-02","doc: update links in..."
"nodejs","loaders",63,"https://github.com/nodejs/loaders/pull/63","MERGED","2022-02-10T11:49:24Z","2022-03-27T02:00:14Z","arcanis","2022-02","Add ambient-loader proposal"
"nodejs","undici",1219,"https://github.com/nodejs/undici/pull/1219","MERGED","2022-02-10T11:03:57Z","2022-02-10T16:54:17Z","Kikobeats","2022-02","chore: ignore wasm file for..."
"nodejs","node",41919,"https://github.com/nodejs/node/pull/41919","MERGED","2022-02-10T10:04:51Z","2022-02-12T17:57:53Z","benjamingr","2022-02","fs: fix writev empty array..."
"nodejs","undici",1218,"https://github.com/nodejs/undici/pull/1218","CLOSED","2022-02-10T03:50:28Z","","KhafraDev","2022-02","fetch: implement static..."
"nodejs","node",41917,"https://github.com/nodejs/node/pull/41917","MERGED","2022-02-09T23:41:14Z","2022-02-12T11:49:04Z","prettydiff","2022-02","doc: clarify `tls.Server`..."
"nodejs","node",41916,"https://github.com/nodejs/node/pull/41916","MERGED","2022-02-09T23:12:24Z","2022-02-12T17:09:13Z","Trott","2022-02","doc: emphasize security..."
"nodejs","node",41915,"https://github.com/nodejs/node/pull/41915","MERGED","2022-02-09T22:52:25Z","2022-02-17T14:59:42Z","derekwolpert","2022-02","doc: adjust a/an word usage"
"nodejs","node",41914,"https://github.com/nodejs/node/pull/41914","CLOSED","2022-02-09T21:45:29Z","","joesepi","2022-02","doc: add joesepi to..."
"nodejs","node",41912,"https://github.com/nodejs/node/pull/41912","OPEN","2022-02-09T20:06:52Z","","benjamingr","2022-02","process: add reportError"
"nodejs","node-gyp",2607,"https://github.com/nodejs/node-gyp/pull/2607","MERGED","2022-02-09T18:47:48Z","2022-02-10T01:55:26Z","wraithgar","2022-02","deps:..."
"nodejs","undici",1217,"https://github.com/nodejs/undici/pull/1217","MERGED","2022-02-09T18:26:57Z","2022-02-09T19:58:19Z","Ethan-Arrowood","2022-02","fix interceptor type"
"nodejs","Release",723,"https://github.com/nodejs/Release/pull/723","MERGED","2022-02-09T16:31:44Z","2022-02-17T11:24:08Z","BethGriggs","2022-02"," schedule: update graphic,..."
"nodejs","undici",1216,"https://github.com/nodejs/undici/pull/1216","MERGED","2022-02-09T15:38:43Z","2022-02-09T19:59:33Z","RaisinTen","2022-02","fix(test): fix test skipping..."
"nodejs","node",41907,"https://github.com/nodejs/node/pull/41907","MERGED","2022-02-09T09:40:43Z","2022-02-17T19:23:20Z","meixg","2022-02","debugger: add debugger alias..."
"nodejs","node",41906,"https://github.com/nodejs/node/pull/41906","MERGED","2022-02-09T08:49:26Z","2022-02-27T15:01:01Z","xtx1130","2022-02","http,https: add default..."
"nodejs","node",41905,"https://github.com/nodejs/node/pull/41905","MERGED","2022-02-09T08:44:52Z","2022-02-11T08:52:25Z","bnoordhuis","2022-02","build: remove broken x32 arch..."
"nodejs","node-addon-api",1130,"https://github.com/nodejs/node-addon-api/pull/1130","MERGED","2022-02-09T07:06:19Z","2022-02-18T14:29:38Z","meixg","2022-02","Add test case for Object Set..."
"nodejs","node",41903,"https://github.com/nodejs/node/pull/41903","MERGED","2022-02-09T06:12:41Z","2022-02-11T13:02:12Z","xtx1130","2022-02","fs: refactor to use ES2020..."
"nodejs","node",41901,"https://github.com/nodejs/node/pull/41901","MERGED","2022-02-09T04:00:57Z","2022-02-11T06:02:28Z","Trott","2022-02","test: remove lint rule for..."
"nodejs","docker-node",1639,"https://github.com/nodejs/docker-node/pull/1639","MERGED","2022-02-09T00:20:06Z","2022-02-09T03:48:22Z","SimenB","2022-02","chore: update to v16.14.0"
"nodejs","undici",1214,"https://github.com/nodejs/undici/pull/1214","MERGED","2022-02-09T00:14:41Z","2022-02-09T04:53:55Z","mcollina","2022-02","Added fetch to our benchmark..."
"nodejs","nodejs.org",4415,"https://github.com/nodejs/nodejs.org/pull/4415","MERGED","2022-02-08T19:49:59Z","2022-02-08T19:56:25Z","danielleadams","2022-02","Blog: v16.14.0 release post"
"nodejs","node",41897,"https://github.com/nodejs/node/pull/41897","MERGED","2022-02-08T17:49:32Z","2022-02-10T18:15:25Z","ruyadorno","2022-02","v17.5.0 release proposal"
"nodejs","node",41896,"https://github.com/nodejs/node/pull/41896","CLOSED","2022-02-08T16:31:22Z","","benjamingr","2022-02","process: runtime deprecate..."
"nodejs","node",41894,"https://github.com/nodejs/node/pull/41894","CLOSED","2022-02-08T15:59:53Z","","aosaif","2022-02","changes the tsconfig file"
"nodejs","node",41892,"https://github.com/nodejs/node/pull/41892","CLOSED","2022-02-08T14:43:32Z","","panva","2022-02","build: revert fast-track..."
"nodejs","node",41891,"https://github.com/nodejs/node/pull/41891","MERGED","2022-02-08T13:27:23Z","2022-02-08T16:41:41Z","eltociear","2022-02","tools: fix typo in..."
"nodejs","nodejs.dev",2271,"https://github.com/nodejs/nodejs.dev/pull/2271","CLOSED","2022-02-08T13:12:18Z","","itsbittoosharma","2022-02","Added missing hyperlink and..."
"nodejs","nodejs.dev",2270,"https://github.com/nodejs/nodejs.dev/pull/2270","CLOSED","2022-02-08T12:55:18Z","","itsbittoosharma","2022-02","Added missing hyperlink and..."
"nodejs","node",41889,"https://github.com/nodejs/node/pull/41889","MERGED","2022-02-08T05:17:17Z","2022-02-10T06:41:58Z","Trott","2022-02","doc: edit process.config..."
"nodejs","undici",1212,"https://github.com/nodejs/undici/pull/1212","MERGED","2022-02-08T03:49:09Z","2022-02-08T14:47:19Z","cjh980402","2022-02","fix: incorrect http(s) regexp"
"nodejs","undici",1211,"https://github.com/nodejs/undici/pull/1211","MERGED","2022-02-08T02:22:28Z","2022-02-08T22:35:59Z","suneettipirneni","2022-02","feat(mock): add support reply..."
"nodejs","node",41888,"https://github.com/nodejs/node/pull/41888","MERGED","2022-02-08T02:19:13Z","2022-02-08T17:42:52Z","Trott","2022-02","doc: remove unneeded ellipsis..."
"nodejs","node",41887,"https://github.com/nodejs/node/pull/41887","MERGED","2022-02-08T01:46:02Z","2022-02-16T22:28:56Z","sbquinlan","2022-02","lib: allow respondWithNewView..."
"nodejs","node",41885,"https://github.com/nodejs/node/pull/41885","MERGED","2022-02-08T00:21:10Z","2022-02-10T20:00:24Z","mscdex","2022-02","doc: replace text with paths..."
"nodejs","node",41884,"https://github.com/nodejs/node/pull/41884","OPEN","2022-02-07T16:16:34Z","","bmeck","2022-02","util: make debuglog show up..."
"nodejs","undici",1210,"https://github.com/nodejs/undici/pull/1210","MERGED","2022-02-07T16:07:05Z","2022-02-08T14:46:58Z","RaisinTen","2022-02","feat(fetch): allow `manual`..."
"nodejs","undici",1209,"https://github.com/nodejs/undici/pull/1209","MERGED","2022-02-07T14:41:18Z","2022-04-06T16:54:57Z","shellscape","2022-02","docs: expand mixins..."
"nodejs","node",41883,"https://github.com/nodejs/node/pull/41883","MERGED","2022-02-07T12:13:59Z","2022-02-10T00:36:24Z","meixg","2022-02","repl: #41690 REPL gives..."
"nodejs","node",41882,"https://github.com/nodejs/node/pull/41882","CLOSED","2022-02-07T10:26:06Z","","kt3k","2022-02","doc: fix param type of..."
"nodejs","node",41881,"https://github.com/nodejs/node/pull/41881","CLOSED","2022-02-07T08:38:00Z","","bmeurer","2022-02","Debugger.CallFrame.url is..."
"nodejs","node",41879,"https://github.com/nodejs/node/pull/41879","MERGED","2022-02-06T19:48:30Z","2022-02-09T01:56:15Z","Trott","2022-02","lib: add internal..."
"nodejs","node",41877,"https://github.com/nodejs/node/pull/41877","MERGED","2022-02-06T19:18:52Z","2022-02-11T17:30:47Z","Mesteery","2022-02","lib: move kEnumerableProperty..."
"nodejs","node",41876,"https://github.com/nodejs/node/pull/41876","MERGED","2022-02-06T17:16:42Z","2022-02-06T18:52:55Z","Mesteery","2022-02","doc: use the same case as the..."
"nodejs","node",41875,"https://github.com/nodejs/node/pull/41875","MERGED","2022-02-06T16:05:22Z","2022-02-06T17:57:53Z","tniessen","2022-02","doc: use Oxford comma in..."
"nodejs","node",41874,"https://github.com/nodejs/node/pull/41874","MERGED","2022-02-06T13:19:33Z","2022-02-06T16:34:32Z","Mesteery","2022-02","doc: use sentence case in..."
"nodejs","node",41873,"https://github.com/nodejs/node/pull/41873","MERGED","2022-02-06T13:18:59Z","2022-02-06T15:19:35Z","Mesteery","2022-02","doc: add missing space before..."
"nodejs","undici",1207,"https://github.com/nodejs/undici/pull/1207","MERGED","2022-02-06T12:24:32Z","2022-02-06T15:40:18Z","RaisinTen","2022-02","fix(fetch): prevent..."
"nodejs","undici",1206,"https://github.com/nodejs/undici/pull/1206","MERGED","2022-02-06T11:42:39Z","2022-02-06T12:18:24Z","RaisinTen","2022-02","test(fetch): `File` coverage"
"nodejs","node",41872,"https://github.com/nodejs/node/pull/41872","MERGED","2022-02-06T08:39:17Z","2022-02-08T14:24:59Z","benjamingr","2022-02","process: deprecate..."
"nodejs","node",41871,"https://github.com/nodejs/node/pull/41871","CLOSED","2022-02-06T04:39:29Z","","VoltrexKeyva","2022-02","stream: refactor streams"
"nodejs","node",41869,"https://github.com/nodejs/node/pull/41869","OPEN","2022-02-06T01:33:04Z","","CyberAP","2022-02","Remove content-visibility..."
"nodejs","node",41868,"https://github.com/nodejs/node/pull/41868","MERGED","2022-02-06T00:18:59Z","2022-02-06T03:46:56Z","nodejs-github-bot","2022-02","meta: update AUTHORS"
"nodejs","node",41867,"https://github.com/nodejs/node/pull/41867","MERGED","2022-02-05T21:19:26Z","2022-02-06T14:23:50Z","Trott","2022-02","test: remove..."
"nodejs","node",41866,"https://github.com/nodejs/node/pull/41866","MERGED","2022-02-05T21:08:39Z","2022-02-05T23:36:32Z","tniessen","2022-02","doc: improve..."
"nodejs","node",41865,"https://github.com/nodejs/node/pull/41865","MERGED","2022-02-05T20:09:58Z","2022-02-05T22:50:25Z","tniessen","2022-02","doc: add missing commas in..."
"nodejs","node",41864,"https://github.com/nodejs/node/pull/41864","CLOSED","2022-02-05T19:51:09Z","","mscdex","2022-02","crypto: do not advertise..."
"nodejs","node",41862,"https://github.com/nodejs/node/pull/41862","MERGED","2022-02-05T18:38:58Z","2022-02-11T12:03:37Z","ErickWendel","2022-02","test: improve code coverage..."
"nodejs","node",41861,"https://github.com/nodejs/node/pull/41861","CLOSED","2022-02-05T17:05:07Z","","madflow","2022-02","process: fix named report..."
"nodejs","node",41860,"https://github.com/nodejs/node/pull/41860","CLOSED","2022-02-05T16:40:19Z","","benjamingr","2022-02","doc: fix webstream close..."
"nodejs","node",41859,"https://github.com/nodejs/node/pull/41859","MERGED","2022-02-05T15:06:44Z","2022-02-06T16:27:18Z","Trott","2022-02","test: remove eslint-disable..."
"nodejs","node",41855,"https://github.com/nodejs/node/pull/41855","CLOSED","2022-02-05T03:37:41Z","","evanlucas","2022-02","[v14.x backport] build: set..."
"nodejs","node",41854,"https://github.com/nodejs/node/pull/41854","MERGED","2022-02-05T00:14:11Z","2022-02-05T12:43:01Z","nodejs-github-bot","2022-02","tools: update doc to..."
"nodejs","diagnostics",525,"https://github.com/nodejs/diagnostics/pull/525","MERGED","2022-02-04T20:02:34Z","2022-02-09T13:04:39Z","RafaelGSS","2022-02","docs: update valgrind..."
"nodejs","node",41853,"https://github.com/nodejs/node/pull/41853","CLOSED","2022-02-04T17:38:58Z","","ronag","2022-02","readline: simplify async..."
"nodejs","nodejs.org",4407,"https://github.com/nodejs/nodejs.org/pull/4407","MERGED","2022-02-04T16:11:28Z","2022-04-24T10:29:50Z","lxmarinkovic","2022-02","Meetup sweden stockholm"
"nodejs","nodejs.org",4406,"https://github.com/nodejs/nodejs.org/pull/4406","CLOSED","2022-02-04T15:59:45Z","","lxmarinkovic","2022-02","Meetup-Sthlm"
"nodejs","undici",1204,"https://github.com/nodejs/undici/pull/1204","MERGED","2022-02-04T15:45:40Z","2022-02-04T16:27:16Z","mcfedr","2022-02","Fix order of WASM loading"
"nodejs","nodejs.org",4405,"https://github.com/nodejs/nodejs.org/pull/4405","MERGED","2022-02-04T14:36:53Z","2022-02-04T14:50:10Z","Trott","2022-02","remove extra details tag"
"nodejs","node",41851,"https://github.com/nodejs/node/pull/41851","CLOSED","2022-02-04T12:59:56Z","","ronag","2022-02","events: simplify on..."
"nodejs","node",41850,"https://github.com/nodejs/node/pull/41850","CLOSED","2022-02-04T12:56:58Z","","lux01","2022-02","build: Fix various shared..."
"nodejs","node",41849,"https://github.com/nodejs/node/pull/41849","MERGED","2022-02-04T12:27:01Z","2022-02-07T07:24:17Z","Linkgoron","2022-02","stream: add iterator helper..."
"nodejs","node",41848,"https://github.com/nodejs/node/pull/41848","MERGED","2022-02-04T09:38:27Z","2022-02-06T10:05:52Z","ronag","2022-02","stream: resume stream on..."
"nodejs","node",41847,"https://github.com/nodejs/node/pull/41847","MERGED","2022-02-04T06:57:11Z","2022-02-18T02:51:15Z","kuriyosh","2022-02","test: improve vm test..."
"nodejs","node",41845,"https://github.com/nodejs/node/pull/41845","MERGED","2022-02-04T00:00:34Z","2022-02-06T13:09:08Z","VoltrexKeyva","2022-02","lib: refactor to use..."
"nodejs","node",41841,"https://github.com/nodejs/node/pull/41841","MERGED","2022-02-03T22:02:52Z","2022-02-04T03:46:30Z","tniessen","2022-02","doc: fix X509 CA acronym..."
"nodejs","node",41840,"https://github.com/nodejs/node/pull/41840","MERGED","2022-02-03T21:45:20Z","2022-02-25T03:20:42Z","bavulapati","2022-02","doc: make building with ninja..."
"nodejs","node",41838,"https://github.com/nodejs/node/pull/41838","MERGED","2022-02-03T21:06:40Z","2022-02-11T11:47:20Z","bavulapati","2022-02","debugger: remove duplicate..."
"nodejs","node",41837,"https://github.com/nodejs/node/pull/41837","OPEN","2022-02-03T21:05:39Z","","lostfictions","2022-02","doc: add caveats and example..."
"nodejs","node",41836,"https://github.com/nodejs/node/pull/41836","MERGED","2022-02-03T20:41:32Z","2022-02-07T20:15:05Z","npm-robot","2022-02","deps: upgrade npm to 8.4.1"
"nodejs","node",41835,"https://github.com/nodejs/node/pull/41835","CLOSED","2022-02-03T18:48:11Z","","MrJithil","2022-02","draft: test: remove..."
"nodejs","TSC",1161,"https://github.com/nodejs/TSC/pull/1161","MERGED","2022-02-03T15:27:59Z","2022-02-04T03:40:33Z","mhdawson","2022-02","doc: add minutes for meeting..."
"nodejs","undici",1202,"https://github.com/nodejs/undici/pull/1202","MERGED","2022-02-03T15:05:27Z","2022-02-04T19:35:23Z","abhishekraj272","2022-02","feat: add asyn iterable..."
"nodejs","nodejs.dev",2259,"https://github.com/nodejs/nodejs.dev/pull/2259","MERGED","2022-02-03T14:26:53Z","2022-02-03T18:30:48Z","ThejasKiranPS","2022-02","Fix typo in documentation"
"nodejs","undici",1201,"https://github.com/nodejs/undici/pull/1201","MERGED","2022-02-03T12:00:08Z","2022-02-03T13:50:31Z","Fdawgs","2022-02","chore(.husky): remove..."
"nodejs","docker-node",1638,"https://github.com/nodejs/docker-node/pull/1638","MERGED","2022-02-03T11:58:26Z","2022-02-03T13:22:36Z","PeterDaveHello","2022-02","Use `-V` instead of `-n` to..."
"nodejs","docker-node",1637,"https://github.com/nodejs/docker-node/pull/1637","MERGED","2022-02-03T11:50:08Z","2022-02-03T13:22:55Z","PeterDaveHello","2022-02","Update node.js v12 from..."
"nodejs","corepack",88,"https://github.com/nodejs/corepack/pull/88","MERGED","2022-02-03T09:52:40Z","2022-02-07T21:47:10Z","arcanis","2022-02","chore: auto-sync package..."
"nodejs","node",41831,"https://github.com/nodejs/node/pull/41831","CLOSED","2022-02-03T06:37:20Z","","Trott","2022-02","tools: enable no-empty ESLint..."
"nodejs","undici",1200,"https://github.com/nodejs/undici/pull/1200","MERGED","2022-02-03T03:59:25Z","2022-02-06T14:33:14Z","suneettipirneni","2022-02","feat(MockInterceptor): add..."
"nodejs","corepack",87,"https://github.com/nodejs/corepack/pull/87","MERGED","2022-02-03T01:58:09Z","2022-02-03T09:53:02Z","styfle","2022-02","Add Node.js 14.19.0 to readme"
"nodejs","undici",1199,"https://github.com/nodejs/undici/pull/1199","MERGED","2022-02-02T23:35:54Z","2022-02-11T08:48:54Z","suneettipirneni","2022-02","types: align RequestInit..."
"nodejs","node",41830,"https://github.com/nodejs/node/pull/41830","CLOSED","2022-02-02T23:34:14Z","","mhdawson","2022-02","test: move test-crypto-engine..."
"nodejs","node",41829,"https://github.com/nodejs/node/pull/41829","MERGED","2022-02-02T23:21:45Z","2022-02-03T20:20:53Z","tniessen","2022-02","doc: use sentence case for..."
"nodejs","corepack",86,"https://github.com/nodejs/corepack/pull/86","MERGED","2022-02-02T22:22:32Z","2022-02-03T09:53:23Z","arcanis","2022-02","Adds missing environment..."
"nodejs","node",41827,"https://github.com/nodejs/node/pull/41827","MERGED","2022-02-02T22:08:47Z","2022-02-03T06:39:01Z","atesgoral","2022-02","doc: use example.com for..."
"nodejs","node",41826,"https://github.com/nodejs/node/pull/41826","CLOSED","2022-02-02T19:30:03Z","","devsnek","2022-02","[v14 backport] deps: V8:..."
"nodejs","node",41825,"https://github.com/nodejs/node/pull/41825","CLOSED","2022-02-02T19:24:18Z","","devsnek","2022-02","[v16 backport] deps: V8:..."
"nodejs","node",41824,"https://github.com/nodejs/node/pull/41824","MERGED","2022-02-02T17:40:47Z","2022-02-02T19:48:54Z","tniessen","2022-02","doc: use UDPv4/UDPv6..."
"nodejs","node",41823,"https://github.com/nodejs/node/pull/41823","CLOSED","2022-02-02T16:06:25Z","","devsnek","2022-02","deps: V8: cherry-pick..."
"nodejs","node",41822,"https://github.com/nodejs/node/pull/41822","MERGED","2022-02-02T14:09:42Z","2022-02-04T19:16:41Z","Flarna","2022-02","doc: add overhead hints for..."
"nodejs","node",41819,"https://github.com/nodejs/node/pull/41819","MERGED","2022-02-02T09:50:45Z","2022-02-15T12:14:04Z","marcosbc","2022-02","fs: support copy of relative..."
"nodejs","undici",1197,"https://github.com/nodejs/undici/pull/1197","MERGED","2022-02-02T06:17:34Z","2022-02-02T08:38:41Z","pastak","2022-02","fix error message typo"
"nodejs","undici",1196,"https://github.com/nodejs/undici/pull/1196","CLOSED","2022-02-02T04:41:38Z","","suneettipirneni","2022-02","types: Align `RequestInit`..."
"nodejs","nodejs.dev",2257,"https://github.com/nodejs/nodejs.dev/pull/2257","CLOSED","2022-02-02T01:34:57Z","","theniteshsingh","2022-02","Update index.md"
"nodejs","nodejs.org",4401,"https://github.com/nodejs/nodejs.org/pull/4401","CLOSED","2022-02-02T00:17:19Z","","lxmarinkovic","2022-02","locale/sr-initial"
"nodejs","node",41818,"https://github.com/nodejs/node/pull/41818","MERGED","2022-02-01T22:16:19Z","2022-02-11T11:37:40Z","ErickWendel","2022-02","worker: improve code coverage"
"nodejs","nodejs.org",4400,"https://github.com/nodejs/nodejs.org/pull/4400","CLOSED","2022-02-01T22:15:53Z","","lxmarinkovic","2022-02","locale/sr-initial commit"
"nodejs","package-maintenance",510,"https://github.com/nodejs/package-maintenance/pull/510","MERGED","2022-02-01T20:58:32Z","2022-02-17T19:05:16Z","mhdawson","2022-02","doc: add minutes for meeting..."
"nodejs","nodejs.org",4399,"https://github.com/nodejs/nodejs.org/pull/4399","MERGED","2022-02-01T20:32:27Z","2022-02-01T20:38:06Z","ruyadorno","2022-02","Blog: v12.22.10 release post"
"nodejs","node",41817,"https://github.com/nodejs/node/pull/41817","MERGED","2022-02-01T20:11:00Z","2022-02-05T08:08:25Z","ErickWendel","2022-02","readline: improve code..."
"nodejs","undici",1194,"https://github.com/nodejs/undici/pull/1194","MERGED","2022-02-01T16:58:45Z","2022-02-01T21:06:27Z","RA80533","2022-02","Fix import of `ProxyAgent`"
"nodejs","node",41814,"https://github.com/nodejs/node/pull/41814","CLOSED","2022-02-01T16:15:53Z","","VerteDinde","2022-02","doc: add registry number for..."
"nodejs","node",41813,"https://github.com/nodejs/node/pull/41813","CLOSED","2022-02-01T16:00:46Z","","aduh95","2022-02","doc: add history information..."
"nodejs","docker-node",1635,"https://github.com/nodejs/docker-node/pull/1635","MERGED","2022-02-01T15:36:44Z","2022-02-01T15:44:06Z","PeterDaveHello","2022-02","Update node.js v14 from..."
"nodejs","node",41812,"https://github.com/nodejs/node/pull/41812","CLOSED","2022-02-01T15:20:48Z","","mhdawson","2022-02","test: exclude ibm i tests..."
"nodejs","node",41811,"https://github.com/nodejs/node/pull/41811","MERGED","2022-02-01T14:43:41Z","2022-02-21T12:34:14Z","targos","2022-02","lib: enable fetch by default"
"nodejs","docker-node",1634,"https://github.com/nodejs/docker-node/pull/1634","MERGED","2022-02-01T14:00:14Z","2022-02-01T14:44:51Z","PeterDaveHello","2022-02","Clean up temp Dockerfile in..."
"nodejs","nodejs.org",4398,"https://github.com/nodejs/nodejs.org/pull/4398","MERGED","2022-02-01T13:38:27Z","2022-02-01T13:41:17Z","richardlau","2022-02","Blog: v14.19.0 release post"
"nodejs","node",41809,"https://github.com/nodejs/node/pull/41809","MERGED","2022-02-01T13:28:51Z","2022-02-01T19:49:24Z","danielleadams","2022-02","doc: add format-md step to..."
"nodejs","node",41808,"https://github.com/nodejs/node/pull/41808","MERGED","2022-02-01T13:21:36Z","2022-02-01T15:23:51Z","danielleadams","2022-02","doc: add v16 changelog link..."
"nodejs","node",41806,"https://github.com/nodejs/node/pull/41806","CLOSED","2022-02-01T09:19:14Z","","mohammadrezayousefpour","2022-02","memory leak..."
"nodejs","node",41805,"https://github.com/nodejs/node/pull/41805","CLOSED","2022-02-01T06:37:56Z","","danielleadams","2022-02","[v16.x] Fix JS linting..."
"nodejs","node",41804,"https://github.com/nodejs/node/pull/41804","MERGED","2022-02-01T05:43:00Z","2022-02-08T19:05:59Z","danielleadams","2022-02","v16.14.0 proposal"
